SQ=[31.28
29.98
29.43
29.49
29.71
29.13
29.18
28.47
27.50
28.66
28.90
28.20
28.90
29.09
28.97
29.04
28.47
28.63
28.94
29.87
29.75
30.41
30.56
29.77
29.45
29.97
29.94
29.93
29.81
29.36];
VON=[23.01
22.69
22.83
24.00
23.52
23.00
23.84
24.13
23.88
23.94
23.95
22.71
22.16
21.82
22.81
22.82
22.08
22.01
21.95
22.14
22.18
22.66
23.15
22.80
22.58
22.46
22.46
21.60
20.51
20.44];